PDB_ID  SecInAlignShort   S1in  S1end  S2in  S2end  S3in  S3end  S4in  S4end
3J5P RATNO03933  430  455  471  498  511  531  539  559
3J5Q RATNO03933  430  455  471  498  511  531  539  559
3J5R RATNO03933  430  455  471  498  511  531  539  559
3J9J RATNO03933  430  455  471  498  511  531  539  559
3J9P HUMAN26704  714  738  767  793  804  826  833  853
5AN8 RABIT09584  388  412  429  456  469  489  497  517
5HI9 Q9WUD2      390  414  431  458  471  491  499  519
5IRX RATNO03933  430  455  471  498  511  531  539  559
5IRZ RATNO03933  430  455  471  498  511  531  539  559
5IS0 RATNO03933  430  455  471  498  511  531  539  559
5IWK RATNO14979  324  349  381  407  424  443  451  471
5IWP RATNO14979  324  349  381  407  424  443  451  471
5IWR RATNO14979  324  349  381  407  424  443  451  471
5IWT RATNO14979  324  349  381  407  424  443  451  471
5VKQ E0A9E1     1299 1324 1334 1359 1365 1383 1403 1423
5WO6 RATNO14979  324  349  381  407  424  443  451  471
5WO7 RATNO14979  324  349  381  407  424  443  451  471
5WO8 RATNO14979  324  349  381  407  424  443  451  471
5WO9 RATNO14979  324  349  381  407  424  443  451  471
5WOA RATNO14979  324  349  381  407  424  443  451  471
5WP6 HUMAN15367  778  804  808  836  864  883  893  913
5YX9 HUMAN05212  438  464  489  514  526  545  597  617
5Z96 O35119      361  386  397  422  434  453  479  499
5ZBG Q13507      369  395  420  445  457  476  528  548
5ZX5 MOUSE13046  851  877  880  907  924  943  963  983
6AEI MOUSE25343  362  387  398  423  435  454  480  500
6B5V RABIT03901  325  350  382  408  425  444  452  472
6BCJ MOUSE20453  774  800  804  832  860  879  889  909
6BCL MOUSE20453  774  800  804  832  860  879  889  909
6BCO MOUSE20453  774  800  804  832  860  879  889  909
6BCQ MOUSE20453  774  800  804  832  860  879  889  909
6BO4 Q9WUD2      421  445  462  489  502  522  530  550
6BO5 Q9WUD2      421  445  462  489  502  522  530  550
6BO8 HUMAN27147  325  350  382  408  425  444  452  472
6BO9 HUMAN27147  325  350  382  408  425  444  452  472
6BOA HUMAN27147  325  350  382  408  425  444  452  472
6BOB RATNO14979  324  349  381  407  424  443  451  471
6BPQ U3JD03      608  634  637  660  673  692  704  724
6BQR HUMAN15367  778  804  808  836  864  883  893  913
6BQV HUMAN15367  778  804  808  836  864  883  893  913
6BWD MOUSE13046  689  715  718  745  762  781  801  821
6BWF MOUSE13046  505  531  534  561  578  597  617  637
6BWI HUMAN15367  778  804  808  836  864  883  893  913
6BWJ RABIT09584  388  412  429  456  469  489  497  517
6BWM RABIT09584  388  412  429  456  469  489  497  517
6CUD Q13507      369  395  420  445  457  476  528  548
6D7O RATNO14979  324  349  381  407  424  443  451  471
6D7P RATNO14979  324  349  381  407  424  443  451  471
6D7Q RATNO14979  324  349  381  407  424  443  451  471
6D7S HUMAN27147  325  350  382  408  425  444  452  472
6D7T HUMAN27147  325  350  382  408  425  444  452  472
6D7V RATNO14979  324  349  381  407  424  443  451  471
6D7X RATNO14979  324  349  381  407  424  443  451  471
6DMR RABIT03901  325  350  382  408  425  444  452  472
6DMU RABIT03901  325  350  382  408  425  444  452  472
6DMW RABIT03901  325  350  382  408  425  444  452  472
6DVW MOUSE03499  437  462  480  508  521  541  549  569
6DVY MOUSE03499  437  462  480  508  521  541  549  569
6DVZ MOUSE03499  437  462  480  508  521  541  549  569
6E2F HUMAN27147  325  350  382  408  425  444  452  472
6E2G RATNO14979  324  349  381  407  424  443  451  471
6LGP MOUSE03499  437  462  480  508  521  541  549  569
6MHO HUMAN11284  437  462  480  508  521  541  549  569
6MHS HUMAN11284  437  462  480  508  521  541  549  569
6MHV HUMAN11284  437  462  480  508  521  541  549  569
6MHW HUMAN11284  437  462  480  508  521  541  549  569
6MHX HUMAN11284  437  462  480  508  521  541  549  569
6MIX HUMAN18839  794  820  823  850  868  887  897  917
6MIZ HUMAN18839  794  820  823  850  868  887  897  917
6MJ2 HUMAN18839  794  820  823  850  868  887  897  917
6NR2 U3JD03      733  759  762  785  798  817  829  849
6NR3 U3JD03      733  759  762  785  798  817  829  849
6NR4 U3JD03      733  759  762  785  798  817  829  849
6O1N RABIT03901  325  350  382  408  425  444  452  472
6O1P RABIT03901  325  350  382  408  425  444  452  472
6O1U RABIT03901  325  350  382  408  425  444  452  472
6O20 RABIT03901  325  350  382  408  425  444  452  472
6O6A A0A5S8WF66  728  754  757  780  793  812  824  844
6O6R A0A5S8WF66  728  754  757  780  793  812  824  844
6O72 A0A5S8WF66  728  754  757  780  793  812  824  844
6O77 A0A5S8WF66  728  754  757  780  793  812  824  844
6OO3 RABIT09584  388  412  429  456  469  489  497  517
6OO4 RABIT09584  388  412  429  456  469  489  497  517
6OO5 RABIT09584  388  412  429  456  469  489  497  517
6OO7 RABIT09584  388  412  429  456  469  489  497  517
6OT2 HUMAN11284  437  462  480  508  521  541  549  569
6OT5 HUMAN11284  437  462  480  508  521  541  549  569
6PBE RABIT03901  325  350  382  408  425  444  452  472
6PBF RABIT03901  325  350  382  408  425  444  452  472
6PQO HUMAN26704  714  738  767  793  804  826  833  853
6PQP HUMAN26704  714  738  767  793  804  826  833  853
6PQQ HUMAN26704  714  738  767  793  804  826  833  853
6PUO HUMAN18839  794  820  823  850  868  887  897  917
6PUR HUMAN18839  794  820  823  850  868  887  897  917
6PUS HUMAN18839  794  820  823  850  868  887  897  917
6PUU HUMAN18839  794  820  823  850  868  887  897  917
6PVL MOUSE03499  437  462  480  508  521  541  549  569
6PVM MOUSE03499  437  462  480  508  521  541  549  569
6PVN MOUSE03499  437  462  480  508  521  541  549  569
6PVO MOUSE03499  437  462  480  508  521  541  549  569
6PVP MOUSE03499  437  462  480  508  521  541  549  569
6PVQ MOUSE03499  437  462  480  508  521  541  549  569
6PW4 Q0Z852      497  522  531  556  568  587  604  624
6PW5 Q0Z852      497  522  531  556  568  587  604  624
6U84 Q9WUD2      390  414  431  458  471  491  499  519
6U86 Q9WUD2      390  414  431  458  471  491  499  519
6U88 Q9WUD2      390  414  431  458  471  491  499  519
6U8A Q9WUD2      390  414  431  458  471  491  499  519
6UW4 HUMAN11284  437  462  480  508  521  541  549  569
6UW6 HUMAN11284  437  462  480  508  521  541  549  569
6UW8 HUMAN11284  437  462  480  508  521  541  549  569
6UW9 HUMAN11284  437  462  480  508  521  541  549  569
6UZ8 HUMAN05212  438  464  489  514  526  545  597  617
6UZA HUMAN05212  438  464  489  514  526  545  597  617
6V9V HUMAN26704  714  738  767  793  804  826  833  853
6V9W HUMAN26704  714  738  767  793  804  826  833  853
6V9X HUMAN26704  714  738  767  793  804  826  833  853
6V9Y HUMAN26704  714  738  767  793  804  826  833  853
6WJ5 HUMAN26704  714  738  767  793  804  826  833  853
6X2J HUMAN26704  714  738  767  793  804  826  833  853
7D4P HUMAN30397  362  387  398  423  435  454  480  500
7D4Q HUMAN30397  362  387  398  423  435  454  480  500
7E4T HUMAN30397  362  387  398  423  435  454  480  500
7JUP HUMAN26704  714  738  767  793  804  826  833  853
7LP9 RATNO03933  430  455  471  498  511  531  539  559
7LPA RATNO03933  430  455  471  498  511  531  539  559
7LPB RATNO03933  430  455  471  498  511  531  539  559
7LPC RATNO03933  430  455  471  498  511  531  539  559
7LPD RATNO03933  430  455  471  498  511  531  539  559
7LPE RATNO03933  430  455  471  498  511  531  539  559
7LQY I3LZN5      432  457  473  500  513  533  541  561
7LQZ I3LZN5      432  457  473  500  513  533  541  561
7LR0 I3LZN5      432  457  473  500  513  533  541  561
7MBP Q1MTB2      715  741  748  775  793  812  822  842
7MBQ Q1MTB2      715  741  748  775  793  812  822  842
7MBR Q1MTB2      715  741  748  775  793  812  822  842
7MBS Q1MTB2      715  741  748  775  793  812  822  842
7MBT Q1MTB2      715  741  748  775  793  812  822  842
7MBU Q1MTB2      715  741  748  775  793  812  822  842
7MBV Q1MTB2      715  741  748  775  793  812  822  842
